,dw3,db3,dw2,db2,dw1,db1
0,"tensor([[19.1442, 19.1878, 19.1878, 19.1878, 19.1878, 19.1878, 19.1878, 19.1878,
         19.1878, 19.1878]], dtype=torch.float64)","tensor([19.1878, 19.1878, 19.1878, 19.1878, 19.1878, 19.1878, 19.1878, 19.1878,
        19.1878, 19.1878], dtype=torch.float64)","tensor([[2.7927e-02, 3.2625e-02, 3.3598e-02, 3.4220e-02, 3.4292e-02, 3.4314e-02,
         3.4331e-02, 3.4334e-02, 3.4334e-02, 3.4334e-02],
        [1.7004e-07, 1.9864e-07, 2.0457e-07, 2.0836e-07, 2.0879e-07, 2.0892e-07,
         2.0903e-07, 2.0905e-07, 2.0905e-07, 2.0905e-07],
        [1.4791e-09, 1.7279e-09, 1.7795e-09, 1.8124e-09, 1.8163e-09, 1.8174e-09,
         1.8183e-09, 1.8185e-09, 1.8185e-09, 1.8185e-09],
        [5.2169e-14, 6.0945e-14, 6.2764e-14, 6.3926e-14, 6.4060e-14, 6.4100e-14,
         6.4133e-14, 6.4138e-14, 6.4139e-14, 6.4139e-14],
        [0.0000e+00, 0.0000e+00, 0.0000e+00, 0.0000e+00, 0.0000e+00, 0.0000e+00,
         0.0000e+00, 0.0000e+00, 0.0000e+00, 0.0000e+00],
        [0.0000e+00, 0.0000e+00, 0.0000e+00, 0.0000e+00, 0.0000e+00, 0.0000e+00,
         0.0000e+00, 0.0000e+00, 0.0000e+00, 0.0000e+00],
        [0.0000e+00, 0.0000e+00, 0.0000e+00, 0.0000e+00, 0.0000e+00, 0.0000e+00,
         0.0000e+00, 0.0000e+00, 0.0000e+00, 0.0000e+00],
        [0.0000e+00, 0.0000e+00, 0.0000e+00, 0.0000e+00, 0.0000e+00, 0.0000e+00,
         0.0000e+00, 0.0000e+00, 0.0000e+00, 0.0000e+00],
        [0.0000e+00, 0.0000e+00, 0.0000e+00, 0.0000e+00, 0.0000e+00, 0.0000e+00,
         0.0000e+00, 0.0000e+00, 0.0000e+00, 0.0000e+00],
        [0.0000e+00, 0.0000e+00, 0.0000e+00, 0.0000e+00, 0.0000e+00, 0.0000e+00,
         0.0000e+00, 0.0000e+00, 0.0000e+00, 0.0000e+00]], dtype=torch.float64)","tensor([[3.4335e-01],
        [2.0905e-06],
        [1.8185e-08],
        [6.4139e-13],
        [0.0000e+00],
        [0.0000e+00],
        [0.0000e+00],
        [0.0000e+00],
        [0.0000e+00],
        [0.0000e+00]], dtype=torch.float64)","tensor([[4.5509e-04, 2.2299e-04],
        [4.4848e-04, 2.1975e-04],
        [2.0455e-04, 1.0023e-04],
        [6.7848e-05, 3.3246e-05],
        [2.2817e-05, 1.1180e-05],
        [7.2079e-06, 3.5319e-06],
        [1.6052e-06, 7.8653e-07],
        [6.4650e-08, 3.1678e-08],
        [2.4988e-08, 1.2244e-08],
        [1.7056e-08, 8.3576e-09]], dtype=torch.float64)","tensor([[1.6876e-03],
        [1.6631e-03],
        [7.5855e-04],
        [2.5161e-04],
        [8.4612e-05],
        [2.6729e-05],
        [5.9525e-06],
        [2.3974e-07],
        [9.2664e-08],
        [6.3251e-08]], dtype=torch.float64)"
