,dw3,db3,dw2,db2,dw1,db1
0,"[19.14415081 19.1878436  19.18784616 19.18784616 19.18784616 19.18784616
 19.18784616 19.18784616 19.18784616 19.18784616]","[19.18784616 19.18784616 19.18784616 19.18784616 19.18784616 19.18784616
 19.18784616 19.18784616 19.18784616 19.18784616]","[[2.79266294e-02 1.91783311e-06 2.07400421e-09 6.68855428e-14
  0.00000000e+00 0.00000000e+00 0.00000000e+00 0.00000000e+00
  0.00000000e+00 0.00000000e+00]
 [2.86736144e-03 1.96913155e-07 2.12947994e-10 6.86746058e-15
  0.00000000e+00 0.00000000e+00 0.00000000e+00 0.00000000e+00
  0.00000000e+00 0.00000000e+00]
 [2.39601031e-02 1.64543591e-06 1.77942544e-09 5.73855325e-14
  0.00000000e+00 0.00000000e+00 0.00000000e+00 0.00000000e+00
  0.00000000e+00 0.00000000e+00]
 [2.66908841e-02 1.83296954e-06 1.98223012e-09 6.39258768e-14
  0.00000000e+00 0.00000000e+00 0.00000000e+00 0.00000000e+00
  0.00000000e+00 0.00000000e+00]
 [4.54279817e-03 3.11972082e-07 3.37376287e-10 1.08802075e-14
  0.00000000e+00 0.00000000e+00 0.00000000e+00 0.00000000e+00
  0.00000000e+00 0.00000000e+00]
 [1.81592955e-02 1.24707130e-06 1.34862159e-09 4.34923356e-14
  0.00000000e+00 0.00000000e+00 0.00000000e+00 0.00000000e+00
  0.00000000e+00 0.00000000e+00]
 [7.32258499e-03 5.02871138e-07 5.43820448e-10 1.75379229e-14
  0.00000000e+00 0.00000000e+00 0.00000000e+00 0.00000000e+00
  0.00000000e+00 0.00000000e+00]
 [1.69999394e-03 1.16745369e-07 1.26252064e-10 4.07156253e-15
  0.00000000e+00 0.00000000e+00 0.00000000e+00 0.00000000e+00
  0.00000000e+00 0.00000000e+00]
 [4.30698362e-04 2.95777756e-08 3.19863240e-11 1.03154209e-15
  0.00000000e+00 0.00000000e+00 0.00000000e+00 0.00000000e+00
  0.00000000e+00 0.00000000e+00]
 [8.75185742e-03 6.01024981e-07 6.49967059e-10 2.09610951e-14
  0.00000000e+00 0.00000000e+00 0.00000000e+00 0.00000000e+00
  0.00000000e+00 0.00000000e+00]]","[[3.43343076e-02 2.07232803e-07 1.81842883e-09 6.41392801e-14
  0.00000000e+00 0.00000000e+00 0.00000000e+00 0.00000000e+00
  0.00000000e+00 0.00000000e+00]]","[[[[1.20624065e-02 8.10209465e-08 1.20579006e-09 1.20573483e-14
    0.00000000e+00 0.00000000e+00 0.00000000e+00 0.00000000e+00
    0.00000000e+00 0.00000000e+00]]

  [[5.91056959e-03 3.97001992e-08 5.90836167e-10 5.90809106e-15
    0.00000000e+00 0.00000000e+00 0.00000000e+00 0.00000000e+00
    0.00000000e+00 0.00000000e+00]]]]","[[2.23657795e-02 1.50226791e-07 2.23574247e-09 2.23564007e-14
  0.00000000e+00 0.00000000e+00 0.00000000e+00 0.00000000e+00
  0.00000000e+00 0.00000000e+00]]"
